4873365610
8137759109
3594131747
1618435116
5862202734
1294244608
2378964178
2938176515
1517389932
1553309348
1255492987
176902426
1153368083
367752030
916787006
852669756
1298434175
292122023
4635780581
2985092105
1226561811
1727960312
5513119999
289815965
5280749292
279709071
1054076031
3585839794
1723884999
3324597946
2418166944
843419053
2331461387
2511129760
2276431754
4754478382
1138924514
1035724869
5176976530
2273583629
4236765288
3281612655
1482057544
451805689
6174560957
2522489728
4877746823
4788634584
822545240
3231530337
590605970
5067436043
2639175865
3145031041
459332668
1235571419
3137495661
849297559
5110849828
444086374
2646396436
1303417018
3442558422
2368047883
5043513073
5121273135
1610580613
1972015285
474175910
4263722373
2297964631
34998172
1706514670
1436529991
3715153566
4010212235
2990302223
1042974082
3758393310
1370470194
246465745
3023870109
611739535
1837345263
3180089739
4253593177
4253627433
3302863993
4179473620
1225336091
4601774755
1543518154
3226128553
1476599633
3824641129
231887611
2054208393
5843595036
4405798446
371566047
363822886
2278762518
3523842739
285898684
1865473049
289371087
1082434447
1604009172
1713408413
3041282973
357755710
2383336605
512564097
466234877
3301376188
1362909938
1864502618
770106872
882772667
2065898065
1012701750
690493350
569467077
1120215521
2676864450
2911676712
2461563803
1626283943

161502542
2276194820
255623985
3973689145

7055137696
6208403369