391433
895226
3564264
3564295
4001109
5573520
17375715
26714670
34998172
41131386
41540028
75122886
82242209
86056769
89623665
89875569
109102542
118095237
119160064
119489561
122882754
123362970
125954038
130812012
134689490
141686469
155041949
161082201
169102950
170316305
176902426
178070431
186082222
198391438
200183118
208680431
218306875
231887611
241816641
246465745
250320982
258070446
260820859
264352465
278006523
278963153
279709071
285654836
285898684
289371087
289815965
292122023
311090424
317518472
320456860
322190307
335343342
337076316
355383877
356836344
357755710
358953352
360836424
363822886
364505178
367752030
371566047
376274149
377145679
387416242
387876836
404697345
414318058
420330312
444086374
447266845
451805689
454749084
455658043
459332668
466234877
467290654
474175910
476045872
477674744
479062185
479085129
484534232
494018273
498780417
503967787
505228670
509304725
512564097
529916745
535614941
539687673
542529640
547145009
558047772
569467077
579769932
588267888
590605970
590934101
592558263
593907713
594200457
602946057
611739535
621477801
631587306
632693174
633556686
636814801
644452025
646568634
650738577
650777210
654771676
655638439
659101966
663572068
668130813
676289211
688590908
690226004
690493350
692824607
716477484
721767336
722072860
723473945
728863206
730700981
735214786
770106872
776478779
800727362
813552457
814365326
819041236
822545240
838314822
843419053
845811062
849297559
852669756
860599649
873537059
882772667
886764090
892779612
899718013
901146775
904785811
912902701
916787006
916997488
930343508
933477648
934700307
936848903
937882924
947381870
956232289
964252185
975776222
981037875
987548456
1001657274
1009368211
1012701750
1012740728
1015513823
1023848509
1026010970
1029501413
1031892841
1033615650
1035724869
1039410990
1041184219
1042418993
1042974082
1046033659
1046668586
1054076031
1067744633
1075212299
1080668754
1082434447
1102095078
1114451353
1117732856
1120215521
1132093226
1136001359
1136136197
1138924514
1140876172
1141360516
1141860141
1149835540
1153368083
1160803313
1161633375
1163807673
1163984295
1165801292
1167322521
1167653150
1168781019
1170329266
1180151624
1193394620
1203932047
1205833996
1208259184
1213040112
1218325048
1225336091
1225635128
1225784247
1226561811
1233028857
1235571419
1242180039
1248204627
1250240643
1255492987
1257593748
1269169300
1271480475
1274081161
1284377485
1288153968
1293089545
1294244608
1296417359
1298434175
1303417018
1319301915
1319313028
1322084357
1325541147
1331164966
1331787347
1338546565
1343489257
1350997575
1353714056
1358569963
1362909938
1368682878
1370470194
1370723564
1375626227
1376463622
1380909073
1387272569
1388180965
1390892821
1408325058
1409534676
1417631320
1418607186
1422270326
1429280633
1429564194
1434223626
1436271735
1436529991
1437639156
1438066191
1448104696
1448564663
1449192856
1450888504
1456284266
1458788978
1464205229
1465167239
1471897518
1476599633
1482057544
1482158355
1485161207
1489467751
1499180100
1502013572
1503284070
1503753415
1507102518
1507651532
1515350639
1517233295
1517389932
1520530454
1523245473
1530818558
1534103811
1542779087
1543518154
1546551230
1553309348
1568598307
1575428791
1576948945
1578617831
1581887944
1583495441
1586177073
1597931304
1598189333
1604009172
1604311401
1608513025
1610580613
1613138984
1618435116
1618479232
1624419853
1624836225
1626283943
1626432990
1627779989
1633938991
1636478402
1639739307
1645631848
1659252036
1660333135
1670214160
1675307856
1694592665
1696243099
1699806564
1703146787
1706514670
1711438406
1711989133
1713408413
1713865611
1713910963
1723884999
1727960312
1729526102
1735664770
1736706702
1746485508
1751428168
1756745984
1759333006
1764942508
1779186557
1794493809
1795929727
1797885728
1801191267
1805053071
1805186766
1807098560
1819206248
1830921828
1837345263
1840576783
1842043420
1848462492
1849390899
1851023242
1853334890
1855195105
1856768852
1858107178
1860207417
1862718851
1864502618
1865473049
1865932671
1878921056
1886640974
1893225543
1894762419
1897514286
1901637161
1909834232
1918741418
1940129470
1945173325
1953167315
1953264140
1956354338
1962319911
1964091894
1969401834
1972015285
1989835837
1990253349
2009971739
2011554294
2018071303
2027317793
2027922049
2032777433
2033349211
2040453307
2041045337
2042491158
2047425912
2048822133
2052958181
2054208393
2059826620
2065898065
2203863443
2205215865
2228156643
2232712165
2239865495
2242754762
2252244524
2267277695
2273583629
2275577138
2276194820
2276431754
2278762518
2279674239
2279942251
2283721311
2284178022
2287893124
2291622414
2297964631
2315752599
2320876364
2331461387
2335726140
2336510540
2341726713
2341843343
2344761230
2353796164
2357497508
2368047883
2376168750
2376492629
2378964178
2382139821
2383336605
2399394763
2401660582
2404190578
2406566531
2408281516
2408301630
2418166944
2419793573
2422159279
2426141894
2427130215
2432369448
2439254051
2446132630
2446322424
2449922960
2461563803
2462694064
2465244851
2466826780
2478399845
2485411070
2485914429
2486257732
2511129760
2518393298
2522489728
2530030992
2532183508
2534013725
2540788064
2550012952
2550450971
2561512192
2562938005
2569126749
2588648555
2592743634
2596072912
2605803781
2606505030
2619388154
2628160595
2638683418
2639175865
2641097559
2642442501
2646396436
2646879903
2648074101
2648653194
2651552424
2653351199
2666252298
2675256753
2676864450
2680597327
2681479378
2690738433
2698822544
2699222094
2700903100
2703874993
2708644503
2708842640
2716061868
2716911576
2720155792
2726336024
2740551179
2755775871
2757731383
2768933063
2773810712
2775231541
2786195209
2791639955
2793985244
2806477656
2822873029
2842238696
2847748708
2860323052
2868528721
2869138474
2875929322
2876490249
2885512905
2886133729
2897255858
2903219809
2904455161
2905529949
2909990181
2911676712
2918092672
2938176515
2938728438
2947912298
2950409978
2951243572
2961391202
2970567879
2973249735
2973993302
2975781954
2985092105
2990302223
2991821022
2994566550
3004663271
3011197621
3013272302
3017936633
3020843062
3020920933
3021614127
3023870109
3024631202
3030577952
3036350488
3041282973
3043011785
3046743282
3051420730
3057620443
3060563664
3065445018
3069281379
3073555580
3080937476
3082686073
3090751190
3092966270
3103893267
3112162619
3125463340
3137495661
3143310848
3145031041
3147702969
3167892242
3173071218
3180089739
3194235841
3197739820
3221816616
3223098756
3226128553
3231530337
3248677296
3263981872
3264172523
3265505840
3281612655
3301376188
3302863993
3324597946
3344375633
3347982115
3356943819
3373588527
3377903172
3382403526
3387319708
3390329823
3392053222
3408726127
3418173678
3442558422
3443473178
3449470868
3459441761
3472420727
3478519668
3480422210
3480428505
3486078380
3486896839
3496754583
3505000312
3511734291
3519969577
3523842739
3530070529
3536199645
3538550269
3539488010
3542826456
3545954097
3564201308
3566781306
3579920113
3585839794
3592997720
3594131747
3594762633
3621215584
3621582781
3668256962
3670784357
3675759227
3679679335
3687527669
3715153566
3754346606
3758393310
3760675311
3796745198
3797838368
3802642930
3812907847
3816227359
3823097614
3824641129
3827372742
3843474961
3868690766
3869554303
3879665471
3885141379
3893096814
3894486389
3908165339
3912819770
3925858110
3931110137
3954435594
3966175720
3971989834
3973538331
3985075449
3992562306
4010212235
4041844457
4051142358
4069790763
4083181085
4086183558
4086547603
4106122860
4127078782
4169515550
4180274961
4189260000
4196767706
4197540010
4216085694
4222032910
4236765288
4242360899
4249884529
4253593177
4253627433
4263228556
4263722373
4312779093
4384581593
4400396003
4405798446
4417656052
4444466834
4467522677
4487636092
4504049267
4516418028
4531359081
4539692685
4559758237
4575711023
4575763017
4577626330
4578645238
4597726671
4601774755
4620845038
4631785998
4633906297
4634679925
4635780581
4674698402
4677589502
4679116699
4685243644
4692270489
4722434994
4728008653
4749736667
4751626961
4754478382
4756795550
4765298455
4781746160
4788634584
4802199223
4803256088
4803270092
4819988276
4826346303
4828537342
4832043525
4833104322
4842561831
4848234755
4861278378
4866940630
4871990284
4873365610
4873768746
4874824104
4877746823
4881521845
4910428231
4915780256
4920169155
4924781987
4950249388
4963054260
4965593520
5006073451
5023973570
5037252916
5043513073
5045761291
5046376499
5067436043
5078724960
5083258064
5093998210
5110849828
5121273135
5126821302
5139458127
5165228438
5174173863
5176976530
5186924677
5192537426
5223098569
5228614274
5277812989
5280749292
5288422684
5290539261
5292589613
5322635081
5331584610
5342614045
5349065740
5353833044
5357695375
5375339521
5381615290
5388628443
5419276868
5421692214
5426375627
5495636006
5496295717
5503194503
5513119999
5518762626
5528773303
5530163849
5546641765
5581816737
5601095196
5602288815
5602398117
5620271517
5637197208
5673531745
5678840593
5719971446
5738845587
5749075000
5766774148
5781315535
5797690275
5823775971
5841851113
5843595036
5854115698
5854304923
5862202734
6015080931
6018862171
6019166675
6035926422
6040712675
6104787850
6118250078
6129832034
6143815476
6155452078
6157571093
6165661826
6174560957
6188508504
6192336438
6202576779
6217048319
6221917416
7040363713
7070311900
7076893361
7077443225
7094723033
7097735737
7099351107
7110808322
7116198090
7128293130
7133832443
7189619119
7194095109
7200933551
7215265561
7216209602
7232936373
7256353989
7318363306
7323622361
7326454745
7330080844
7345987147
7355055134
7406063462
7407120487
7416258493
7427314385
7460485529
7462231028
7471308385
7480637314
7517733970
7520958953
7524852136
7530706811
7531781861
7561585805
7594421583
7594865756
7604367813
7613267146
7627700795
7627949519
7630717148
7631134182
7631616549
7637664811
7648130098
7651086442
7668935034
7678775867
7706461097
7709835807
7711306382
7731298160
7742809165
7745213321
7745224052
7774085225
7775365582
7810535014
7812626397
7814104700
7846531640
7876839302
7893517006
7903634771
7920450824
7942794750
7999754795
7999930696
8003835904
8026132820
8030789413
8048109617
8105725146
8137759109
8165369213
8206690322
8208090500
8211087168
8237962726
8401179222
8403037683
8517766342
8567009739
8590925500
8611460656
8614758634
8663960393
8674190800
8952239597
8952497672
9048821559
9071045881
9097609126
9147513401
9184924141
9312254113
9415163861
9515284094
9639348774
9675401595
9680416515
9704038558
9784739956
9854149029
9868285090
9883822345
9919060758
9993888377
10165114626
10765423500
10777447419
10842674391
10873347499
10933265272
11047569412